[JOINT]
root=Hull
numUse=0
cnt=2
world0=1;0;0;0;
world1=0;1;0;0;
world2=0;0;1;0;
world3=0;0;0;1;
[JOINT0]
strName=Hull
numUse=0
cntJoint=5
nameJoint0=Turret
matrix0_0=1;0;0;0;
matrix0_1=0;1;0;0;
matrix0_2=0;0;1;0;
matrix0_3=-0.010775;-0.079083003;0.98732799;1;
nameJoint1=TrackL
matrix1_0=-1;0;0;0;
matrix1_1=0;-1;0;0;
matrix1_2=0;0;1;0;   
matrix1_3=0;0;-1.0800000;1;
nameJoint2=TrackR
matrix2_0=-1;0;0;0;
matrix2_1=0;-1;0;0;
matrix2_2=0;0;1;0;      
matrix2_3=0;0;-1.0800000;1;
nameJoint3=ChassisL
matrix3_0=-1;0;0;0;
matrix3_1=0;-1;0;0;
matrix3_2=0;0;1;0;     
matrix3_3=0;0;-1.0800000;1;
nameJoint4=ChassisR
matrix4_0=-1;0;0;0;
matrix4_1=0;-1;0;0;
matrix4_2=0;0;1;0;      
matrix4_3=0;0;-1.0800000;1;
[JOINT1]
strName=Turret
numUse=0
cntJoint=1
nameJoint0=Gun
matrix0_0=-1;0;0;0;
matrix0_1=0;-1;0;0;
matrix0_2=0;0;1;0;   
matrix0_3=0.064711;1.421399;0.367343;1;
